H       0.000000        1.232560        -1.577103
H       0.000000        -1.232560       -1.577103
C       0.000000        0.697583        -0.650443
C       0.000000        -0.697583       -0.650443
C       0.000000        -1.395038       0.557442
C       0.000000        1.395038        0.557442
H       0.000000        -2.494718       0.557442
H       0.000000        2.494718        0.557442
C   0.0000   0.697583   1.765326
C   0.0000   -0.697583   1.765326
C   0.0000   -1.395038   2.973211
C   0.0000   1.395038   2.973211
H   0.0000   -2.494718   2.973211
H   0.0000   2.494718   2.973211
C   0.0000   0.697583   4.181095
C   0.0000   -0.697583   4.181095
C   0.0000   -1.395038   5.38898
C   0.0000   1.395038   5.38898
H   0.0000   -2.494718   5.38898
H   0.0000   2.494718   5.38898
C   0.0000   0.69758346   6.596864
C   0.0000   -0.69758346   6.596864
H   0.0000   1.2325599   7.5235112
H   0.0000   -1.2325599   7.5235112
