
H  0.0  1.23256  -1.577103
H  0.0  -1.23256  -1.577103
C  0.0  0.697583  -0.650443
C  0.0  -0.697583  -0.650443
C  0.0  -1.395038  0.557442
C  0.0  1.395038  0.557442
H  0.0  -2.494718  0.557442
H  0.0  2.494718  0.557442
C  0.0  0.697583  1.765326
C  0.0  -0.697583  1.765326
C  0.0  -1.395038  2.973211
C  0.0  1.395038  2.973211
H  0.0  -2.494718  2.973211
H  0.0  2.494718  2.973211
C  0.0  0.697583  4.181095
C  0.0  -0.697583  4.181095
C  0.0  -1.395038  5.38898
C  0.0  1.395038  5.38898
H  0.0  -2.494718  5.38898
H  0.0  2.494718  5.38898
C  0.0  0.69758346  6.596864
C  0.0  -0.69758346  6.596864
H  0.0  1.23255993  7.5235112
H  0.0  -1.23255993  7.5235112