H       0.000000        1.232560        -1.577103
H       0.000000        -1.232560       -1.577103
C       0.000000        0.697583        -0.650443
C       0.000000        -0.697583       -0.650443
C       0.000000        -1.395038       0.557442
C       0.000000        1.395038        0.557442
H       0.000000        -2.494718       0.557442
H       0.000000        2.494718        0.557442
C   0.0000   0.697583   1.765326
C   0.0000   -0.697583   1.765326
C   0.0000   -1.395038   2.973211
C   0.0000   1.395038   2.973211
H   0.0000   -2.494718   2.973211
H   0.0000   2.494718   2.973211
C   0.0000   0.697583   4.181095
C   0.0000   -0.697583   4.181095
C   0.0000   -1.395038   5.38898
C   0.0000   1.395038   5.38898
H   0.0000   -2.494718   5.38898
H   0.0000   2.494718   5.38898
C   0.0000   0.697583   6.596864
C   0.0000   -0.697583   6.596864
C   0.0000   -1.395038   7.804749
C   0.0000   1.395038   7.804749
H   0.0000   -2.494718   7.804749
H   0.0000   2.494718   7.804749
C   0.0000   0.697583   9.012633
C   0.0000   -0.697583   9.012633
C   0.0000   -1.395038   10.220518
C   0.0000   1.395038   10.220518
H   0.0000   -2.494718   10.220518
H   0.0000   2.494718   10.220518
C   0.0000   0.697583   11.428402
C   0.0000   -0.697583   11.428402
C   0.0000   -1.395038   12.636287
C   0.0000   1.395038   12.636287
H   0.0000   -2.494718   12.636287
H   0.0000   2.494718   12.636287
C   0.0000   0.697583   13.844171
C   0.0000   -0.697583   13.844171
C   0.0000   -1.395038   15.052056
C   0.0000   1.395038   15.052056
H   0.0000   -2.494718   15.052056
H   0.0000   2.494718   15.052056
C   0.0000   0.69758346   16.25994
C   0.0000   -0.69758346   16.25994
H   0.0000   1.2325599   17.186587
H   0.0000   -1.2325599   17.186587
