
H  0.0  1.23256  -1.577103
H  0.0  -1.23256  -1.577103
C  0.0  0.697583  -0.650443
C  0.0  -0.697583  -0.650443
C  0.0  -1.395038  0.557442
C  0.0  1.395038  0.557442
H  0.0  -2.494718  0.557442
H  0.0  2.494718  0.557442
C  0.0  0.697583  1.765326
C  0.0  -0.697583  1.765326
C  0.0  -1.395038  2.973211
C  0.0  1.395038  2.973211
H  0.0  -2.494718  2.973211
H  0.0  2.494718  2.973211
C  0.0  0.697583  4.181095
C  0.0  -0.697583  4.181095
C  0.0  -1.395038  5.38898
C  0.0  1.395038  5.38898
H  0.0  -2.494718  5.38898
H  0.0  2.494718  5.38898
C  0.0  0.697583  6.596864
C  0.0  -0.697583  6.596864
C  0.0  -1.395038  7.804749
C  0.0  1.395038  7.804749
H  0.0  -2.494718  7.804749
H  0.0  2.494718  7.804749
C  0.0  0.697583  9.012633000000001
C  0.0  -0.697583  9.012633000000001
C  0.0  -1.395038  10.220518
C  0.0  1.395038  10.220518
H  0.0  -2.494718  10.220518
H  0.0  2.494718  10.220518
C  0.0  0.697583  11.428402000000002
C  0.0  -0.697583  11.428402000000002
C  0.0  -1.395038  12.636287000000001
C  0.0  1.395038  12.636287000000001
H  0.0  -2.494718  12.636287000000001
H  0.0  2.494718  12.636287000000001
C  0.0  0.697583  13.844171000000001
C  0.0  -0.697583  13.844171000000001
C  0.0  -1.395038  15.052056
C  0.0  1.395038  15.052056
H  0.0  -2.494718  15.052056
H  0.0  2.494718  15.052056
C  0.0  0.697583  16.25994
C  0.0  -0.697583  16.25994
C  0.0  -1.395038  17.467824999999998
C  0.0  1.395038  17.467824999999998
H  0.0  -2.494718  17.467824999999998
H  0.0  2.494718  17.467824999999998
C  0.0  0.697583  18.675709
C  0.0  -0.697583  18.675709
C  0.0  -1.395038  19.883594000000002
C  0.0  1.395038  19.883594000000002
H  0.0  -2.494718  19.883594000000002
H  0.0  2.494718  19.883594000000002
C  0.0  0.697583  21.091478000000002
C  0.0  -0.697583  21.091478000000002
C  0.0  -1.395038  22.299363
C  0.0  1.395038  22.299363
H  0.0  -2.494718  22.299363
H  0.0  2.494718  22.299363
C  0.0  0.697583  23.507247000000003
C  0.0  -0.697583  23.507247000000003
C  0.0  -1.395038  24.715132000000004
C  0.0  1.395038  24.715132000000004
H  0.0  -2.494718  24.715132000000004
H  0.0  2.494718  24.715132000000004
C  0.0  0.69758346  25.923016
C  0.0  -0.69758346  25.923016
H  0.0  1.23255993  26.8496632
H  0.0  -1.23255993  26.8496632