H       0.000000        1.232560        -1.577103
H       0.000000        -1.232560       -1.577103
C       0.000000        0.697583        -0.650443
C       0.000000        -0.697583       -0.650443
C       0.000000        -1.395038       0.557442
C       0.000000        1.395038        0.557442
H       0.000000        -2.494718       0.557442
H       0.000000        2.494718        0.557442
C   0.0000   0.69758346   1.765326
C   0.0000   -0.69758346   1.765326
H   0.0000   1.2325599   2.6919732
H   0.0000   -1.2325599   2.6919732
